00000000000000
00000000000000000000000000
0000000000011000000000001001000
0000011111111111100000111111111111
000000000000000111111111111000000000000000111111111111111
2222222222222222
1111111111111111111111111111111111111111111111111111111111111111111111111111
000000000000000000001111111111111111111111111111111100000000000000000000000000001111111111111111111111111111111100000000000000000000111111111111111111111111
111111111111111111111112222222222222222111111111111111111111111
222222222222222222222222222222222222
3333333333333333333333
1111111111111111111111122222222222222222222222222333
11111111111111111111111111111111111111100000000000000000000000000000000000000000022222222222222222222222222222211111111111111111111111111111111111111111
333333333333333333333333333333333333333333333333333333
222222222222222222222222222222111111111111111111111111111111222222222222222222222222222222222
1111111111111111111122222222222222222222222222222222111111111111111111112222222222222222211111111111111111111222222222222222222
111111111111111111111111111111111111111111111111111111111111111111111122222222222222222222222222222222222222222222211111111111111111111111111111111111111111111111111111111111111111111
1111111111111111111111111111111111111113333333333333333333333333333333333333333332222222222222222222222222
22222222222222222222222222222222222222222222222222222222222222222222222222222222222222222222
3333333333333333333322222222232322322333333333333333222222222222233222333332333333333333333
3333333333333333333311111331111331133113323333333333333333222222222222222222222222222222222222222222222222222222222222222222222222222222222222222222222222222
33333333333333333333333333333333333333333333333333
3333333333333333333333333332222222222222222222222222222222232232232232233333333333333333333333333333
2222222222222222222222222223232233333333333333333333333333333222222222222222222222222211111111111111111111111111111111
3333333333333333333333333333222222222222222222222222222222233322333333333333333333333333333333333222222222222222222222222222222222222222222222
333333333333333333333333333333333333333333333333333333333333333333333333333333333333333333333333333333333
555555555555555555555555555
333333333333333333333333333333333333333333333333333333333333333332222222222222222222222222222222222222222222222222222222
33333333333333333333333333333333333333333333333333333333333333333333333333333333333333333333333333333333333333333333333333333333333333333333333333333333333555555555555555555
2222222222222222222222222222222222222222222222222222222222222222222222222222222222222222222222222222222222222222222222222222222222222222222222222222222222222222222222222222222222222222222222222222222222222222222222222222222222222222222222222222222222
55555555555555555555555555552222222222222222222222222222222222222222222222222222222222222222211111111111
3333333333333222222222222222222222222555555555555555555555553333333333333333333333333333333333333333333333333333333333333333333333333333333333333333333333333333
33333333333333333333333333333333333333333333333333333333333333333333333333333333333333333333333333333333333333
555555555555555555555555522222222222222322222222222222222232233322233333333333333333333
33333333333333333333333332222222222222222222222222222222222222222222222222222222222222222222222222222222222322322322322322222222222222222222222222222222222222222222222222222222222222222222222222222222222222222222222222222222222222222222222222222
55555555555553553535333333333333333333333333333333333333333333333333333333333333333333555555555555555
555555555555555555555555555555555555555555555555555555555555555555
333333333333333333333333333333333333333333333333333333333333333333333333333333333333333333333333333333333333333333333333
000000000000000000000000000000000000000000000000000000011111111111111111111111111111111111111111111122222222222222222222222222222222222222223333333333333333333333333333335555555555555555555555555555555555555555
55555555555555555555555555555555555555555555555555555555555555555555555555555555
4444444444444444444455555555555555555555544444444444444444444444444
333333333333333333333333333333333333333333333333555555555555555555555555555555555555555555554444444444444444444444444444444444444444444444
33333333333333333333333333333333333333333333333333333333333333333333333333333333333333333333333333335555555555555555555555555555555555555555555555555555555555555555555554444444444444444444444444444444444444444444444444444444444444444
55555555555555555555555555555555555555555555555555555555555555555555555555555555555555555555555555555555555555
44444444444444444444444444444444444444444444444444444444444444444444444444444444444444444444444444444444444444
4444444444444444444444444444444444444444444444444444444444445555555555555555555555555555555555555555555555555555555555555555555555555555555555553333333333333333333333333333333333333333333333333333333333333333
555555555555555555555555555555555555555555555555555555555555555555555555555555553333333333333333333333333333333333333333333333333333333333333333333333333333333344444444444444444444444444444444444444444444444444444444444444444444444444444444
3333333333333333333333333333333333333333333333333333333333333333333333333333333333333333334444444444444444444444444444444444444444444444444444444444444444444444444444444444444444444444444444444444444455555555555555555555555555555555555555555555555555555555555555555555555555555555
444444444444444444444444444444444444444444444444444444444444444444444444444444444444444444444444444433333333333333333333333333333333333333333333333333333333333333333333333333333333333333333333333333333333333333333333333355555555555555555555555555555555555555555555555555555555555555555555555555555555
4444444444555555555544444444445555555555444444444455555555554444444444555555555544444444445555555555444444444455555555554444444444555555555544444444445555555555444444444455555555554444444444555555555544444444445555555555
